0.010     0.61130     0.001000     206.132     0.00000     2375.33
5.000     0.87210     0.001000     147.118     20.9700     2382.24
10.00     1.22760     0.001000     106.377     41.9900     2389.15
15.00     1.70500     0.001001     77.9250     62.9800     2396.04
20.00     2.33900     0.001002     57.7897     83.9400     2402.91
25.00     3.16900     0.001003     43.3593     104.860     2409.76
30.00     4.24600     0.001004     32.8932     125.770     2416.58
35.00     5.62800     0.001006     25.2158     146.650     2423.36
40.00     7.38400     0.001008     19.5229     167.530     2430.11
45.00     9.59300     0.001010     15.2581     188.410     2436.81
50.00     12.3500     0.001012     12.0318     209.300     2443.47
55.00     15.7580     0.001015     9.56835     230.190     2450.08
60.00     19.9410     0.001017     7.67071     251.090     2456.63
65.00     25.0300     0.001020     6.19656     272.000     2463.12
70.00     31.1900     0.001023     5.04217     292.930     2469.55
75.00     38.5800     0.001026     4.13123     313.870     2475.91
80.00     47.3900     0.001029     3.40715     334.840     2482.19
85.00     57.8300     0.001032     2.82757     355.820     2488.40
90.00     70.1400     0.001036     2.36056     376.820     2494.52
95.00     84.5500     0.001040     1.98186     397.860     2500.56
100.0     101.300     0.001044     1.67290     418.910     2506.50
105.0     120.800     0.001047     1.41936     440.000     2512.34
110.0     143.300     0.001052     1.21014     461.120     2518.09
115.0     169.100     0.001056     1.03658     482.280     2523.72
120.0     198.500     0.001060     0.89186     503.480     2529.24
125.0     232.100     0.001065     0.77059     524.720     2534.63
130.0     270.100     0.001070     0.66850     546.000     2539.90
135.0     313.000     0.001075     0.58217     567.340     2545.03
140.0     361.300     0.001080     0.50885     588.720     2550.02
145.0     415.400     0.001085     0.44632     610.160     2554.86
150.0     475.900     0.001090     0.39278     631.660     2559.54
155.0     543.100     0.001096     0.34676     653.230     2564.04
160.0     617.800     0.001102     0.30706     674.850     2568.37
165.0     700.500     0.001108     0.27269     696.550     2572.51
170.0     791.700     0.001114     0.24283     718.310     2576.46
175.0     892.000     0.001121     0.21680     740.160     2580.19
180.0     1002.20     0.001127     0.19405     762.080     2583.70
185.0     1122.70     0.001134     0.17409     784.080     2586.98
190.0     1254.40     0.001141     0.15654     806.170     2590.01
195.0     1397.80     0.001149     0.14105     828.360     2592.79
200.0     1553.80     0.001156     0.12736     850.640     2595.29
205.0     1723.00     0.001164     0.11521     873.020     2597.52
210.0     1906.30     0.001173     0.10441     895.510     2599.44
215.0     2104.20     0.001181     0.09479     918.120     2601.06
220.0     2317.80     0.001190     0.08619     940.850     2602.35
225.0     2547.70     0.001199     0.07849     963.720     2603.30
230.0     2794.90     0.001209     0.07158     986.720     2603.89
235.0     3060.10     0.001219     0.06536     1009.88     2604.11
240.0     3344.20     0.001229     0.05976     1033.19     2603.95
245.0     3648.20     0.001240     0.05470     1056.69     2603.37
250.0     3973.00     0.001251     0.05013     1080.37     2602.37
255.0     4319.50     0.001263     0.04598     1104.26     2600.93
260.0     4688.60     0.001276     0.04220     1128.37     2599.01
265.0     5081.30     0.001289     0.03877     1152.72     2596.60
270.0     5498.70     0.001302     0.03564     1177.33     2593.66
275.0     5941.80     0.001317     0.03279     1202.23     2590.17
280.0     6411.70     0.001332     0.03017     1227.43     2586.09
285.0     6909.40     0.001348     0.02777     1252.98     2581.38
290.0     7436.00     0.001366     0.02557     1278.89     2575.99
295.0     7992.80     0.001384     0.02354     1305.21     2569.87
300.0     8581.00     0.001404     0.02167     1331.97     2562.96
305.0     9201.80     0.001425     0.01995     1359.22     2555.16
310.0     9856.60     0.001447     0.01835     1387.03     2546.40
315.0     10547.0     0.001472     0.01687     1415.44     2536.55
320.0     11274.0     0.001499     0.01549     1444.55     2525.48
325.0     12040.0     0.001528     0.01420     1474.44     2513.01
330.0     12845.0     0.001561     0.01300     1505.24     2498.91
335.0     13694.0     0.001597     0.01186     1537.11     2482.88
340.0     14586.0     0.001638     0.01080     1570.26     2464.53
345.0     15525.0     0.001685     0.00978     1605.01     2443.30
350.0     16514.0     0.001740     0.00881     1641.81     2418.39
355.0     17554.0     0.001807     0.00787     1681.41     2388.52
360.0     18651.0     0.001892     0.00694     1725.19     2351.47
365.0     19807.0     0.002011     0.00599     1776.13     2302.67
370.0     21028.0     0.002213     0.00493     1843.84     2228.53
374.1     22089.0     0.003155     0.00315     2029.58     2029.58